{
  "FWD Facing AFT - Axis System LH": "0, -1676.4986, 7251.7, 0, -1, 0, 0, 0, 1, -1, 0, 0",
  "Outboard Facing In - Middle Support - Axis System LH": "0, -1949.3048, 7422.1521, 1, 0, 0, 0, 0.6782, 0.7349, 0, -0.7349, 0.6782",
  "FWD Facing AFT - Axis System RH": "0, 1676.4986, 7251.7, 0, -1, 0, 0, 0, 1, -1, 0, 0",
  "Outboard Facing In - Middle Support - Axis System RH": "0, 1949.3048, 7422.1521, -1, 0, 0, 0, -0.6782, 0.7349, 0, 0.7349, 0.6782",
  "FWD Facing AFT - Axis System 41 LH": "0, -1526.2056, 7251.7, -0.0872, -0.9962, 0, 0, 0, 1, -0.9962, 0.0872, 0",
  "Inboard Facing Out - Top Support - Axis System 41 LH": "0, -1402.4483, 7377.8017, -0.9962, 0.0872, 0, -0.0641, -0.7328, 0.6774, 0.059, 0.6748, 0.7356",
  "Inboard Facing Out - Lower Support - Axis System 41 LH": "0, -1281.0433, 7236.0225, -0.9962, 0.0872, 0, 0, 0, 1, 0.0872, 0.9962, 0",
  "FWD Facing AFT - Axis System 41 RH": "0, 1526.2056, 7251.7, 0.0872, -0.9962, 0, 0, 0, 1, -0.9962, -0.0872, 0",
  "Inboard Facing Out - Top Support - Axis System 41 RH": "0, 1402.4483, 7377.8017, 0.9962, 0.0872, 0, -0.0632, 0.7224, 0.6886, 0.06, -0.6859, 0.7252",
  "Inboard Facing Out - Lower Support - Axis System 41 RH": "0, 1281.0433, 7236.0225, 0.9962, 0.0872, 0, 0, 0, 1, 0.0872, -0.9962, 0",
  "Outboard Facing In - Middle Support - Axis System 47 LH": "0, -1850.0095, 7422.1522, 0.9985, 0.0545, 0, -0.037, 0.6772, 0.7349, 0.0401, -0.7338, 0.6782",
  "Inboard Facing Out - Top Support - Axis System 47 LH": "0, -1475.5253, 7301.3897, -0.9985, -0.0545, 0, 0.0401, -0.7345, 0.6774, -0.0369, 0.6764, 0.7356",
  "Outboard Facing In - Middle Support - Axis System 47 RH": "0, 1850.0095, 7422.1522, -0.9985, 0.0545, 0, -0.0367, -0.6728, 0.7389, 0.0403, 0.7378, 0.6738",
  "Inboard Facing Out - Top Support - Axis System 47 RH": "0, 1475.5253, 7301.3897, 0.9985, -0.0545, 0, 0.0399, 0.7305, 0.6818, -0.0372, -0.6808, 0.7316",
  "Inboard Facing Out - Lower Support - Axis System LH": "0, -2379.7381, 6700.52, -1, 0, 0, 0, 0, 1, 0, 1, 0",
  "Inboard Facing Out - Top Support - Axis System LH": "0, -1576.9697, 7304.9546, -1, 0, 0, 0, -0.7356, 0.6774, 0, 0.6774, 0.7356",
  "Inboard Facing Out - Lower Support - Axis System RH": "0, 2379.7387, 6700.52, 1, 0, 0, 0, 0, 1, 0, -1, 0",
  "Inboard Facing Out - Top Support - Axis System RH": "0, 1576.9692, 7304.9546, 1, 0, 0, 0, 0.7356, 0.6774, 0, -0.6774, 0.7356",
  "Outboard Facing In - Middle Support - Axis System 41 LH": "0, -2230.9152, 6813.4403, 0.9962, -0.0872, 0, 0.0598, 0.6841, 0.727, -0.0634, -0.7242, 0.6867",
  "Outboard Facing In - Middle Support - Axis System 41 RH": "0, 2230.915, 6813.4403, -0.9962, -0.0872, 0, 0.0598, -0.6841, 0.727, -0.0634, 0.7242, 0.6867",
  "FWD Facing AFT - Axis System 47 LH": "0, -2079.6114, 6749.1628, 0.0469, -0.8584, 0.5108, -0.0278, 0.51, 0.8597, -0.9985, -0.0545, 0",
  "Inboard Facing Out - Lower Support - Axis System 47 LH": "0, -2288.9482, 6692.9, -0.9985, -0.0545, 0, 0, 0, 1, -0.0545, 0.9985, 0",
  "FWD Facing AFT - Axis System 47 RH": "0, 2079.6114, 6749.1628, -0.0469, -0.8584, -0.5108, -0.0278, -0.51, 0.8597, -0.9985, 0.0545, 0",
  "Inboard Facing Out - Lower Support - Axis System 47 RH": "0, 2288.9482, 6692.9, 0.9985, -0.0545, 0, 0, 0, 1, -0.0545, -0.9985, 0",
  "Wire Routing Typical View Axis System": "11638.9389, -2360.962, 6803.1966, -0.6596, 0.5737, -0.4856, 0.0598, 0.6841, 0.727, 0.7492, 0.4505, -0.4856",
  "Local Axis System": "0, 0, 0, 1, 0, 0, 0, 1, 0, 0, 0, 1"
}